11890
11715
11832
11027
11208
11162
11004
11665
11742
11185
11610
11144
11469
11747
11968
11014
11045
11391
11362
11800
11449
11512
11763
11737
11394
11338
11968
11726
11174
11718
11694
11863
11033
11813
11368
11622
11387
11480
11960
11917
11563
11410
11610
11410
11663
11387
11936
11245
11265
11564
11287
11624
11632
11650
11736
11086
11202
11190
11468
11119
11510
11331
11848
11986
11515
11961
11934
11440
11679
11142
11035
11725
11747
11551
11875
11036
11211
11734
11259
11160
11428
11107
11242
11513
11091
11895
11145
11823
11099
11646
11150
11551
11098
11987
11651
11887
11156
11530
11838
11466
11952
11752
11344
11953
11539
11612
11594
11359
11314
11965
11051
11620
11847
11601
11215
11143
11876
11739
11112
11883
11902
11387
11944
11579
11480
11234
11281
11296
11652
11774
11956
11549
11776
11399
11913
11603
11439
11535
11419
11573
11978
11534
11728
11101
11209
11585
11980
11174
11199
11978
11196
11131
11404
11502
11088
11210
11702
11277
11633
11723
11733
11171
11569
11188
11727
11790
11163
11284
11570
11661
11486
11290
11630
11353
11020
11469
11673
11648
11056
11497
11795
11203
11582
11539
11684
11904
11153
11885
11923
11203
11407
11183
11665
11002
11039
11584
11135
11891
11030
11581
11525
11643
11427
11056
11591
11531
11270
11776
11393
11008
11866
11775
11148
11870
11030
11604
11778
11562
11628
11182
11912
11784
11172
11638
11262
11301
11095
11795
11309
11087
11263
11854
11474
11506
11115
11895
11994
11797
11535
11541
11802
11136
11821
11587
11155
11203
11055
11089
11130
11439
11789
11472
11551
11656
11725
11989
11383
11459
11103
11776
11720
11434
11111
11855
11256
11210
11678
11928
11244
11336
11288
11779
11929
11292
11286
11710
11719
11650
11252
11159
11756
11686
11828
11839
11662
11735
11070
11976
11675
11421
11551
11050
11846
11056
11699
11302
11206
11414
11294
11409
11992
11974
11763
11709
11627
11903
11236
11977
11215
11457
11575
11487
11484
11002
11775
11218
11925
11809
11893
11834
11673
11600
11945
11794
11096
11434
11455
11589
11007
11282
11207
11335
11768
11234
11178
11812
11042
11027
11206
11432
11609
11317
11294
11956
11668
11846
11443
11466
11191
11302
11917
11905
11590
11590
11660
11869
11496
11785
11496
11842
11075
11991
11070
11046
11133
11989
11922
11130
11792
11019
11927
11155
11964
11282
11241
11679
11875
11107
11346
11528
11758
11728
11173
11289
11015
11085
11804
11931
11655
11767
11312
11183
11629
11310
11943
11785
11385
11037
11893
11790