9 23 7 23 17 21 5 21 26 7 4 13 4 29 23 13 5 11 5 19
2 21 20 23 17 7 1 22 9 8 24 9 24 26 29 28 22 29 15 9
22 20 29 27 21 19 8 24 24 20 28 12 5 19 17 11 23 11 17 10
15 21 2 28 7 1 20 14 29 25 28 27 19 19 1 26 25 27 11 2
11 1 3 9 9 3 6 4 8 14 1 30 21 30 27 9 29 29 23 2
10 22 30 2 12 29 1 1 3 9 3 13 12 14 9 22 25 6 9 23
24 26 10 14 20 25 3 29 25 23 6 29 23 7 27 2 20 28 11 6
18 18 30 19 2 2 25 24 15 5 28 28 23 14 4 8 16 15 19 18
1 4 3 15 25 27 30 17 19 25 18 27 18 4 15 6 12 19 21 30
7 4 30 4 18 21 7 20 21 20 22 3 10 1 25 1 2 21 28 19
5 24 19 4 29 17 15 12 3 5 25 11 21 6 16 8 27 20 19 16
26 5 20 10 2 27 26 11 26 13 12 20 7 29 17 27 23 27 4 30