876
352
470
279
47
15
408
332
196
423
722
877
571
475
580
576
674
313
138
266
880
562
532
173
289
281
671
996
926
10
43
561
980
302
346
535
679
725
199
134
170
969
636
987
394
817
842
11
8
645
817
71
915
579
147
872
69
837
696
918
676
202
973
555
814
968
656
516
367
151
603
533
972
459
604
815
147
231
622
63
81
327
349
514
687
544
982
906
723
720
616
207
898
187
434
20
460
336
186
591
216
382
246
323
473
16
493
480
378
913
765
608
981
74
99
368
70
379
680
239
406
418
892
319
394
439
487
57
124
911
761
767
276
130
720
704
471
902
389
725
324
714
544
943
361
316
691
139
144
367
173
757
460
473
822
302
924
587
436
52
500
781
979
538
23
828
580
706
128
315
200
316
212
813
180
276
297
365
948
993
450
85
403
313
844
70
838
45
865
519
244
242
232
870
870
181
42
996
57
289
533
229
934
369
715
239
872
935
878
82
545
452
10
178
83
496
475
650
477
173
623
511
682
764
639
84
658
501
400
956
770
467
633
324
51
186
730
739
419
617
961
578
994
13
685
928
188
654
73
657
493
524
729
524
534
547
671
78
280
679
732
749
891
210
744
858
842
473
444
452
806
658
667
908
131
246
942
176
363
853
671
794
267
482
691
136
826
149
502
274
836
131
754
299
967
967
37
487
961
615
25
640
464
715
284
646
747
922
683
448
569
76
313
301
610
395
876
809
835
947
166
866
183
330
510
474
237
128
471
726
428
329
123
787
309
219
673
145
498
33
76
370
864
942
616
315
386
455
378
435
581
119
382
14
691
313
453
274
283
588
873
947
116
458
597
403
615
990
491
959
717
101
355
945
85
295
917
442
976
828
538
838
882
148
962
209
227
961
220
651
73
738
274
666
916
733
690
4
754
914
127
682
544
318
9
153
604
489
379
238
321
928
892
61
352
295
235
924
599
525
996
277
140
808
241
4
697
29
883
389
606
203
848
965
335
579
643
998
835
844
349
953
384
522
753
220
514
772
531
497
936
439
763
584
859
863
432
493
421
543
340
783
820
316
658
111
761
193
241
152
36
269
476
882
484
500
481
520
151
248
706
211
915
435
517
216
192
460
378
283
248
464
808
821
829
523
913
25
984
287
819
17
725
485
149
169
672
748
104
48
129
952
818
216
990
25
82
775
628
888
843
826
22
673
416
83
220
938
353
429
680
674
164
972
71
115
266
696
536
27
96
917
362
960
851
485
352
100
915
301
965
915
923
605
251
847
784
414
627
826
236
837
952
900
715
393
796
774
795
949
955
890
557
45
9
244
454
87
568
124
670
668
995
304
537
915
86
353
100
650
33
629
183
819
218
487
524
800
201
446
226
58
899
354
846
489
78
242
793
810
972
818
766
948
531
916
223
565
192
262
5
512
637
894
389
473
894
78
954
724
910
518
474
418
518
900
853
932
759
819
168
181
167
205
690
292
254
81
919
214
967
80
823
779
767
408
63
908
290
525
726
886
252
357
969
263
373
915
830
205
762
915
543
831
101
796
306
180
603
97
420
729
221
210
12
145
163
882
191
789
521
59
746
581
523
197
702
700
770
292
188
840
495
738
73
871
741
433
509
112
580
212
271
618
896
873
645
304
750
357
114
722
95
937
223
425
280
168
197
3
711
933
401
930
721
619
306
270
241
914
637
223
505
983
534
965
225
325
968
914
466
432
21
552
449
185
343
771
378
580
275
584
4
32
718
128
829
295
676
660
385
459
693
184
660
250
264
207
971
124
292
156
133
171
827
696
378
17
649
387
768
298
898
276
754
4
954
339
846
693
741
66
36
219
724
524
864
918
703
696
76
48
505
506
548
701
444
374
525
910
720
652
495
273
690
410
908
870
393
554
50
7
524
614
481
930
939
497
608
156
829
92
160
382
972
109
724
614
471
903
102
98
232
825
946
298
854
88
759
976
793
993
381
255
27
42
299
585
808
575
285
810
474
261
876
670
949
1
158
377
766
763
239
187
356
958
372
568
478
275
822
989
755
96
222
721
729
46
656
204
312
537
191
458
675
108
12
519
268
919
437
851
817
42
806
412
108
362
168
955
552
432
617
663
764
824
201
800
850
274
633
811
989
718
221
777
371
535
268
121
418
527
159
154
345
105
387
421
441
269
100
40
993
756
861
505
215
477
758
640
222
310
926
903
799
701
585
711
797
834
208
759
24
278
572
709
726
176
138
783
520
895
270
898
435
212
849
755
360
294
294
124
142
938
286
229
466
333
428
349
671
613
973
395
923
108
921
14
433
185
705
899
932
640
804
513
146
879
992
711
990
549
865
467
364
249
382
826
758
629
957
36
625
356
982
260
595
501
279
488
787
14
305
319
219
927
776
0
408
291
587
9
343
229
136
554
984
589
665
967
416
76
330
642
159
162
845
587
924
410
191
177
828
271
314
716
13
101
477
139
15
408
516
685
515
494
573
211
579
824
534
782
697
816
190
515
215
261
437
782
481
164
864
725
655
480
652
389
361
269
103
655
88
428
408
743
918
400
412
851
236
271
334
316
468
557
208
988
685
195
593
674
141
19
466
516
881
777
430
818
473
947
593
465
570
609
633
609
865
804
87
276
375
638
955
661
41
942
211
418
537
571
146
916
46
725
375
518
728
101
616
342
492
682
467
413
163
240
699
858
243
915
948
35
862
560
521
954
810
654
158
65
597
575
38
986
381
170
43
936
357
931
81
25
390
960
458
861
517
901
989
474
183
778
836
659
399
862
616
701
810
475
56
511
420
243
886
482
451
474
539
733
103
911
667
896
352
683
546
543
699
5
732
634
733
390
827
940
964
353
580
648
513
869
372
229
651
659
354
492
78
478
583
964
21
766
43
475
534
344
559
936
461
992
635
634
907
813
722
640
340
906
210
181
713
260
19
310
819
551
156
536
963
28
465
814
959
921
112
264
648
818
482
7
728
256
509
661
803
254
417
779
654
970
14
492
943
492
209
522
151
921
109
891
878
253
735
504
398
345
407
546
59
354
533
291
566
547
497
368
999
681
129
226
260
738
952
955
754
356
557
213
877
390
414
575
895
721
321
171
568
72
567
176
747
624
244
301
559
58
115
879
44
716
466
67
35
105
528
30
65
764
181
553
268
680
281
936
151
450
196
857
445
839
401
594
35
356
169
504
851
561
532
372
947
279
147
607
893
198
352
848
653
820
30
481
403
142
687
138
299
654
719
499
155
201
978
830
651
883
701
345
948
756
356
904
803
52
174
719
179
4
986
930
413
354
41
538
881
648
83
985
733
443
230
333
295
466
342
125
95
859
987
411
411
775
279
665
384
640
339
764
472
763
561
896
119
436
534
686
824
617
974
5
32
894
943
259
647
391
461
924
785
79
515
234
622
220
571
219
395
99
96
67
417
687
981
941
256
524
92
384
708
254
470
479
474
42
607
448
606
217
592
750
945
492
240
391
651
278
486
277
829
928
627
565
604
160
464
357
496
289
861
145
4
216
61
893
315
918
941
417
948
296
361
567
998
806
582
468
409
345
874
880
678
946
785
920
539
64
403
600
374
817
807
402
577
205
68
962
361
19
730
134
666
311
599
466
465
597
864
623
701
26
130
582
182
100
232
651
991
267
703
546
696
816
731
993
697
915
500
340
543
303
505
331
873
145
355
108
519
429
497
932
269
543
763
775
259
709
526
611
180
94
185
662
408
247
693
99
374
567
553
137
665
867
441
819
423
930
215
733
737
218
111
766
502
899
262
946
336
346
89
415
236
699
932
932
268
275
612
705
245
472
188
567
534
536
125
888
660
898
76
107
740
288
131
895
745
915
761
241
543
759
64
919
542
738
687
823
681
504
320
148
993
683
164
757
262
834
381
270
467
642
827
243
185
359
613
48
481
429
765
429
829
63
973
760
752
65
83
616
390
352
271
396
608
562
196
108
247
846
337
141
358
306
256
75
105
36
470
211
970
554
877
889
807
485
654
268
58
881
966
383
815
131
942
62
301
911
473
497
406
386
753
160
920
600
309
879
858
110
115
89
985
60
551
330
478
913
280
945
917
886
91
699
197
873
303
41
501
131
363
153
385
401
679
708
360
219
570
616
34
379
811
758
817
394
998
269
460
137
675
677
457
725
347
292
861
343
589
546
988
788
537
686
518
48
42
101
519
50
258
682
919
373
991
45
833
759
150
675
554
389
657
563
748
914
194
172
690
784
498
800
681
884
760
369
796
610
739
888
99
799
654
540
454
492
476
90
890
937
385
677
458
522
964
8
690
876
627
642
860
752
195
699
581
959
963
776
486
560
3
158
364
286
519
165
245
733
768
740
990
922
920
792
55
955
520
209
749
540
413
204
843
587
425
313
301
385
84
529
343
365
60
949
65
82
810
802
113
898
4
246
251
0
943
12
669
136
251
646
618
105
282
141
583
572
281
347
810
650
103
125
256
586
532
916
185
444
70
184
609
594
959
123
240
387
18
798
796
494
668
144
744
206
305
326
408
344
659
176
772
637
402
213
197
600
594
572
460
502
770
14
448
123
161
885
445
787
652
838
944
174
321
425
619
899
714
485
150
632
268
328
377
308
701
619
378
141
169
162
221
149
198
241
747
172
551
384
886
645
547
353
722
773
268
838
345
287
866
475
69
55
976
63
78
649
866
882
606
645
66
505
363
149
337
866
821
900
351
797
852
340
781
557
178
241
688
378
639
830
655
267
732
338
836
289
163
227
453
693
843
809
985
242
874
622
195
91
49
168
775
165
931
934
209
252
266
643
610
845
818
864
869
509
82
557
288
797
313
552
594
711
585
637
714
320
620
372
994
386
305
222
209
449
854
893
666
543
909
25
243
934
170
219
576
325
160
599
901
206
224
612
349
804
999
19
634
809
875
514
589
163
341
880
310
550
398
332
758
242
31
758
829
199
762
292
876
181
485
491
633
875
693
51
523
762
337
297
600
799
989
151
159
582
817
682
951
461
290
890
843
973
308
636
351
389
152
244
535
613
387
200
277
101
464
258
38
973
739
791
654
79
140
49
334
92
424
327
784
890
788
856
95
435
741
217
881
894
341
323
507
284
347
494
370
977
960
364
984
650
673
628
475
64
657
581
318
498
759
361
597
207
990
200
687
36
122
767
423
47
237
768
168
86
727
470
898
634
711
322
649
912
437
537
875
835
756
490
856
37
665
572
332
466
710
602
391
452
435
369
863
258
871
526
161
833
578
464
642
527
575
862
657
211
143
583
761
80
412
277
270
654
976
189
400
588
365
988
969
47
44
72
407
482
208
29
673
337
409
290
977
457
321
776
706
169
579
243
91
195
403
949
749
113
9
368
574
455
337
544
905
505
820
902
785
519
154
947
33
657
786
645
924
81
469
5
920
142
417
329
801
18
399
690
226
497
606
494
602
631
118
109
363
292
954
581
876
462
628
51
363
947
669
595
569
551
896
108
974
462
15
262
518
574
114
109
944
483
459
440
863
724
142
75
568
444
814
102
577
11
802
682
474
508
48
11
24
15
672
978
879
11
632
67
659
475
848
775
492
523
595
979
303
971
820
227
823
324
425
589
192
903
850
58
861
793
778
247
316
639
524
347
417
402
856
429
732
196
662
504
891
909
633
671
336
767
659
984
161
493
248
320
196
764
515
0
116
161
370
273
345
92
672
369
986
208
852
402
542
152
173
251
512
396
257
415
593
226
948
29
695
503
774
200
43
701
377
803
298
503
611
505
233
753
975
797
207
556
662
390
339
323
728
35
289
129
978
573
671
975
654
74
899
48
783
843
186
291
668
85
325
769
907
253
820
742
267
311
743
412
105
295
881
386
995
632
793
219
213
815
354
133
508
277
228
741
809
404
93
407
126
894
468
31
209
750
913
861
107
394
261
151
450
354
11
514
245
45
780
859
248
896
543
767
238
291
33
171
762
379
99
596
44
237
17
793
111
387
487
663
6
370
961
464
625
115
945
204
558
479
802
506
171
371
185
115
943
816
771
47
204
595
139
789
273
775
554
986
997
402
758
591
26
185
379
269
780
222
355
212
178
504
28
963
605
161
358
61
930
819
62
897
269
12
322
349
252
656
58
691
18
474
431
626
218
419
593
323
796
160
387
934
304
237
215
763
995
839
560
472
442
466
740
792
676
769
637
120
584
55
638
650
884
307
348
2
422
566
86
691
446
61
776
797
648
171
308
15
360
97
933
149
435
462
145
445
41
522
234
512
762
394
341
30
154
435
196
198
321
9
458
874
329
133
964
553
727
153
917
519
510
51
788
291
990
423
182
730
382
50
770
515
518
580
895
447
390
982
618
146
251
859
865
869
856
319
204
953
53
347
1
808
512
47
211
942
478
871
436
638
335
364
836
85
787
593
921
216
885
378
152
3
156
676
367
491
172
844
566
902
230
996
558
288
880
851
941
744
138
516
16
553
873
67
426
974
820
789
45
222
389
14
308
971
908
680
950
482
90
101
709
766
402
289
941
607
627
578
577
900
742
590
984
915
806
618
420
272
574
853
275
783
17
764
54
606
245
473
458
599
949
940
615
2
860
873
199
740
808
275
744
901
871
298
524
206
21
721
673
541
41
550
874
673
797
893
399
589
578
991
746
297
899
317
917
930
373
281
940
322
165
932
752
961
402
858
98
708
176
770
174
644
293
751
368
476
292
940
548
738
367
681
375
134
576
331
785
6
940
969
545
66
794
17
742
532
725
893
790
201
931
289
12
563
409
303
575
641
253
351
939
67
537
161
159
107
241
335
911
1
516
782
991
103
596
923
468
279
116
524
249
764
248
531
825
754
920
318
465
336
830
355
216
696
164
865
159
547
640
271
351
487
767
311
154
875
22
531
92
434
390
207
419
147
392
422
372
709
790
314
891
842
293
930
328
630
420
490
660
144
392
651
541
503
247
227
820
387
351
974
163
388
252
867
816
527
260
573
676
276
665
300
653
10
681
318
307
839
245
844
492
567
789
201
501
186
796
574
561
904
155
781
986
111
799
338
872
740
759
688
898
512
561
572
658
761
394
876
4
839
399
846
424
964
438
435
590
277
209
29
843
146
931
786
932
161
749
899
883
507
775
403
423
85
117
986
460
371
620
180
737
487
381
248
439
540
718
708
866
406
966
921
726
349
472
516
621
478
76
256
905
554
716
867
191
54
676
306
555
339
30
214
94
90
626
930
561
529
474
759
751
824
415
174
891
190
841
921
581
967
900
428
814
501
394
362
644
790
881
521
377
161
998
716
73
943
509
382
110
919
961
153
536
110
782
441
782
142
417
792
667
631
859
273
773
236
50
307
506
100
102
112
286
111
64
357
127
709
204
381
269
801
609
938
847
332
497
475
685
231
330
353
434
929
677
679
976
753
160
951
576
962
165
286
295
273
300
575
471
642
938
194
28
74
99
736
763
354
857
183
429
290
146
975
440
662
577
374
370
921
160
278
774
938
123
337
120
863
503
201
662
644
563
509
421
741
984
497
327
35
765
217
923
653
241
245
896
917
407
269
642
653
30
533
636
674
617
657
870
50
880
825
502
484
677
977
165
157
504
561
57
339
634
624
574
934
209
71
262
432
390
39
409
200
806
598
213
551
213
82
213
167
907
58
604
773
640
230
50
71
34
417
770
542
155
124
837
354
841
412
57
657
169
993
211
810
68
81
936
878
529
606
914
232
945
905
228
54
871
970
963
412
99
404
804
938
875
420
88
501
244
616
752
458
325
302
491
991
172
126
872
616
403
741
235
770
715
238
978
388
530
50
664
510
762
893
140
944
968
926
774
108
114
721
539
902
676
295
271
374
969
747
891
673
414
554
540
992
928
387
659
885
722
741
788
654
827
333
391
570
210
592
625
464
391
914
708
46
131
141
767
92
697
980
223
282
236
370
628
908
19
573
542
390
940
311
355
278
882
231
463
405
88
689
721
962
742
845
733
148
687
468
57
774
80
511
485
52
628
516
853
749
685
12
284
531
666
962
211
161
705
570
442
771
732
331
316
113
516
219
769
412
658
280
133
504
762
979
647
976
624
953
182
125
343
656
57
467
993
578
627
49
838
868
974
694
252
458
607
582
376
17
234
952
412
833
572
722
67
34
660
24
193
858
102
277
672
317
473
517
287
838
100
450
982
723
683
851
868
336
364
389
372
927
997
783
667
2
352
934
529
480
41
549
141
156
644
54
895
41
552
305
168
177
644
12
825
867
926
675
757
380
242
896
467
767
839
953
525
448
380
630
783
866
695
251
808
68
731
620
358
578
444
924
95
14
694
276
869
995
594
895
802
371
125
134
205
920
971
513
340
461
492
422
417
58
269
15
816
204
748
585
518
826
503
843
598
876
440
178
139
195
649
798
692
6
423
44
316
652
258
42
361
978
642
974
93
534
513
468
860
277
788
291
541
725
56
845
490
928
35
953
974
821
222
527
5
28
652
840
572
80
306
336
856
134
333
182
172
560
175
939
630
663
382
13
669
942
954
433
810
923
843
410
792
292
721
911
955
354
246
418
780
842
510
548
461
992
788
799
425
850
345
833
40
582
372
842
395
314
286
918
602
190
504
606
202
479
666
8
486
486
354
389
273
252
0
103
152
158
944
17
791
180
142
745
577
496
651
906
440
267
957
704
27
730
491
626
967
158
886
241
430
348
385
61
174
145
731
76
18
107
490
109
208
706
439
539
149
538
901
732
321
79
211
607
887
592
231
857
778
925
128
908
518
542
785
758
688
818
363
513
272
578
640
160
997
236
465
4
621
954
268
997
106
588
229
63
867
991
377
672
658
139
988
661
425
477
624
947
488
922
538
961
654
808
970
652
464
469
205
434
207
677
394
778
15
453
841
618
994
439
992
784
735
102
418
521
868
208
904
11
327
853
119
44
586
908
810
935
260
188
531
780
615
359
195
780
158
505
56
90
387
303
277
149
996
205
25
761
141
894
109
171
459
835
810
444
52
68
2
258
53
269
697
517
213
210
660
942
208
847
596
760
108
915
798
736
272
838
597
426
676
517
272
82
435
189
315
311
58
558
496
284
480
118
212
112
576
833
761
789
627
21
122
324
481
671
455
867
662
371
655
142
761
30
609
360
981
820
764
177
153
100
277
919
105
423
975
549
258
535
547
534
7
840
750
347
866
967
738
595
539
414
273
317
403
898
287
54
838
567
431
374
307
32
349
401
664
289
525
8
233
287
347
103
0
254
265
281
505
781
167
326
942
349
830
651
506
466
176
681
264
289
223
247
313
685
402
601
624
212
106
435
900
292
317
4
590
102
392
100
804
224
955
403
148
593
589
738
306
748
826
832
395
123
415
360
251
0
858
475
496
879
505
525
670
293
722
836
524
910
103
997
226
672
498
111
363
390
211
814
231
255
5
2
759
978
677
834
99
119
805
209
573
546
949
710
114
539
694
742
305
435
243
984
242
77
478
689
255
60
327
675
41
898
235
280
108
88
304
175
861
952
450
117
548
803
300
501
88
172
301
279
404
610
761
153
814
761
571
879
867
537
44
847
883
728
471
941
937
636
340
131
938
100
702
131
461
75
226
606
66
714
230
992
931
665
792
150
446
440
224
552
963
981
184
251
119
476
74
261
737
617
566
323
161
324
40
681
649
142
27
669
33
584
1000
263
444
753
625
977
937
210
133
346
864
142
691
397
224
756
896
993
563
946
407
341
154
324
870
840
224
920
611
627
657
342
845
241
752
44
346
724
186
868
421
267
389
958
314
585
135
954
866
486
801
765
740
882
149
596
411
874
87
744
250
660
243
521
181
630
543
337
651
739
38
437
980
837
559
396
237
710
917
543
950
831
356
860
555
22
375
967
625
483
725
514
180
314
96
328
29
446
358
43
525
191
830
58
48
407
36
920
453
73
479
627
255
703
268
536
787
971
154
190
276
705
405
862
181
307
239
347
456
12
933
717
590
42
574
998
260
744
800
633
225
505
311
970
345
675
980
183
66
254
191
492
391
493
644
344
55
896
910
751
383
129
608
74
230
616
906
464
492
496
955
568
294
504
441
633
102
93
217
841
669
203
473
420
796
633
318
880
785
19
237
741
49
491
911
253
249
730
67
490
933
865
126
538
570
683
466
263
950
789
921
819
315
80
136
55
688
28
366
910
872
594
582
916
256
548
359
633
48
239
544
604
935
663
61
336
201
103
986
29
904
222
944
411
628
775
984
692
833
725
988
590
789
388
587
148
754
113
612
603
471
707
764
674
112
12
3
822
455
407
738
306
672
6
310
615
877
474
233
562
766
90
848
804
722
423
992
124
879
284
969
310
10
192
232
926
577
133
347
713
693
371
562
986
721
541
212
673
150
566
276
169
732
280
922
260
459
969
722
263
575
700
559
631
798
50
111
913
309
823
652
699
776
529
759
789
713
585
196
260
147
619
338
357
83
995
507
336
716
288
827
682
76
904
850
751
690
274
824
233
576
179
358
933
45
63
529
128
101
292
368
550
11
889
804
74
652
140
859
929
963
914
83
510
873
938
281
484
839
551
171
578
949
830
477
483
644
304
510
703
78
103
645
296
506
387
224
709
568
231
248
897
479
105
693
591
397
159
342
478
388
336
454
169
884
603
795
645
620
51
937
230
145
758
213
648
579
880
357
358
666
10
362
956
90
782
2
426
66
171
2
393
919
989
490
271
634
157
660
912
886
227
142
171
917
488
261
812
100
786
594
693
417
422
246
924
709
301
808
981
30
59
595
415
97
978
698
8
798
507
495
919
349
457
601
285
835
404
52
602
83
468
698
993
724
949
199
746
993
755
359
561
217
649
991
366
116
569
502
428
611
177
771
527
894
236
289
810
811
161
647
996
578
633
535
479
197
734
750
675
134
332
371
171
993
4
829
674
941
592
605
316
339
12
605
827
697
896
1000
903
518
573
256
827
490
924
477
10
952
803
218
126
456
648
785
204
841
665
111
755
323
688
50
798
432
307
991
818
84
562
823
484
754
533
674
262
710
515
819
679
681
556
650
119
674
596
76
704
848
183
805
584
967
674
154
130
763
264
628
995
871
224
19
465
503
245
312
984
348
312
863
942
131
733
344
439
181
193
749
732
323
732
598
427
538
655
468
879
83
64
447
224
931
117
215
475
434
838
171
189
726
264
445
274
876
412
346
876
135
639
634
491
406
242
692
549
954
449
673
340
68
317
142
734
58
280
596
189
682
346
795
515
247
546
801
405
506
112
295
660
985
772
431
40
365
821
742
289
486
530
714
678
561
293
98
94
332
620
644
644
144
731
241
150
244
835
255
730
444
611
132
132
132
132
132
132
132
132
132
132
132
132
